0 -7 -17
1 488 -11
2 979 -10
3 1462 -4
4 1946 -5
5 2431 -10
6 2902 -8
7 3368 -5
8 3819 -11
9 4281 -7
10 4718 -7
11 5143 1
12 5554 4
13 5955 -3
14 6344 -3
15 6717 0
16 7066 1
17 7409 0
18 7726 0
19 8032 1
20 8317 -1
21 8576 -4
22 8818 -3
23 9043 -3
24 9236 0
25 9417 1
26 9569 0
27 9701 -2
28 9810 -2
29 9893 0
30 9953 -1
31 9987 0
32 9995 1
33 9987 0
34 9952 -1
35 9890 -2
36 9809 0
37 9704 -1
38 9568 -2
39 9415 0
40 9235 -1
41 9043 -5
42 8821 -6
43 8581 1
44 8320 2
45 8035 1
46 7727 0
47 7410 3
48 7065 0
49 6716 -4
50 6341 -3
51 5959 1
52 5557 -3
53 5138 -4
54 4712 -3
55 4280 -4
56 3823 4
57 3374 -3
58 2905 -1
59 2439 -3
60 1955 -2
61 1472 1
62 987 0
63 502 0
64 7 17
65 -488 11
66 -979 10
67 -1462 4
68 -1946 5
69 -2431 10
70 -2902 8
71 -3368 5
72 -3819 11
73 -4281 7
74 -4718 7
75 -5143 -1
76 -5554 -4
77 -5955 3
78 -6344 3
79 -6717 0
80 -7066 -1
81 -7409 0
82 -7726 0
83 -8032 -1
84 -8317 1
85 -8576 4
86 -8818 3
87 -9043 3
88 -9236 0
89 -9417 -1
90 -9569 0
91 -9701 2
92 -9810 2
93 -9893 0
94 -9953 1
95 -9987 0
96 -9995 -1
97 -9987 0
98 -9952 1
99 -9890 2
100 -9809 0
101 -9704 1
102 -9568 2
103 -9415 0
104 -9235 1
105 -9043 5
106 -8821 6
107 -8581 -1
108 -8320 -2
109 -8035 -1
110 -7727 0
111 -7410 -3
112 -7065 0
113 -6716 4
114 -6341 3
115 -5959 -1
116 -5557 3
117 -5138 4
118 -4712 3
119 -4280 4
120 -3823 -4
121 -3374 3
122 -2905 1
123 -2439 3
124 -1955 2
125 -1472 -1
126 -987 0
127 -502 0
128 -7 -17
129 488 -11
130 979 -10
131 1462 -4
132 1946 -5
133 2431 -10
134 2902 -8
135 3368 -5
136 3819 -11
137 4281 -7
138 4718 -7
139 5143 1
140 5554 4
141 5955 -3
142 6344 -3
143 6717 0
144 7066 1
145 7409 0
146 7726 0
147 8032 1
148 8317 -1
149 8576 -4
150 8818 -3
151 9043 -3
152 9236 0
153 9417 1
154 9569 0
155 9701 -2
156 9810 -2
157 9893 0
158 9953 -1
159 9987 0
160 9995 1
161 9987 0
162 9952 -1
163 9890 -2
164 9809 0
165 9704 -1
166 9568 -2
167 9415 0
168 9235 -1
169 9043 -5
170 8821 -6
171 8581 1
172 8320 2
173 8035 1
174 7727 0
175 7410 3
176 7065 0
177 6716 -4
178 6341 -3
179 5959 1
180 5557 -3
181 5138 -4
182 4712 -3
183 4280 -4
184 3823 4
185 3374 -3
186 2905 -1
187 2439 -3
188 1955 -2
189 1472 1
190 987 0
191 502 0
192 7 17
193 -488 11
194 -979 10
195 -1462 4
196 -1946 5
197 -2431 10
198 -2902 8
199 -3368 5
200 -3819 11
201 -4281 7
202 -4718 7
203 -5143 -1
204 -5554 -4
205 -5955 3
206 -6344 3
207 -6717 0
208 -7066 -1
209 -7409 0
210 -7726 0
211 -8032 -1
212 -8317 1
213 -8576 4
214 -8818 3
215 -9043 3
216 -9236 0
217 -9417 -1
218 -9569 0
219 -9701 2
220 -9810 2
221 -9893 0
222 -9953 1
223 -9987 0
224 -9995 -1
225 -9987 0
226 -9952 1
227 -9890 2
228 -9809 0
229 -9704 1
230 -9568 2
231 -9415 0
232 -9235 1
233 -9043 5
234 -8821 6
235 -8581 -1
236 -8320 -2
237 -8035 -1
238 -7727 0
239 -7410 -3
240 -7065 0
241 -6716 4
242 -6341 3
243 -5959 -1
244 -5557 3
245 -5138 4
246 -4712 3
247 -4280 4
248 -3823 -4
249 -3374 3
250 -2905 1
251 -2439 3
252 -1955 2
253 -1472 -1
254 -987 0
255 -502 0
256 -7 -17
257 488 -11
258 979 -10
259 1462 -4
260 1946 -5
261 2431 -10
262 2902 -8
263 3368 -5
264 3819 -11
265 4281 -7
266 4718 -7
267 5143 1
268 5554 4
269 5955 -3
270 6344 -3
271 6717 0
272 7066 1
273 7409 0
274 7726 0
275 8032 1
276 8317 -1
277 8576 -4
278 8818 -3
279 9043 -3
280 9236 0
281 9417 1
282 9569 0
283 9701 -2
284 9810 -2
285 9893 0
286 9953 -1
287 9987 0
288 9995 1
289 9987 0
290 9952 -1
291 9890 -2
292 9809 0
293 9704 -1
294 9568 -2
295 9415 0
296 9235 -1
297 9043 -5
298 8821 -6
299 8581 1
300 8320 2
301 8035 1
302 7727 0
303 7410 3
304 7065 0
305 6716 -4
306 6341 -3
307 5959 1
308 5557 -3
309 5138 -4
310 4712 -3
311 4280 -4
312 3823 4
313 3374 -3
314 2905 -1
315 2439 -3
316 1955 -2
317 1472 1
318 987 0
319 502 0
320 7 17
321 -488 11
322 -979 10
323 -1462 4
324 -1946 5
325 -2431 10
326 -2902 8
327 -3368 5
328 -3819 11
329 -4281 7
330 -4718 7
331 -5143 -1
332 -5554 -4
333 -5955 3
334 -6344 3
335 -6717 0
336 -7066 -1
337 -7409 0
338 -7726 0
339 -8032 -1
340 -8317 1
341 -8576 4
342 -8818 3
343 -9043 3
344 -9236 0
345 -9417 -1
346 -9569 0
347 -9701 2
348 -9810 2
349 -9893 0
350 -9953 1
351 -9987 0
352 -9995 -1
353 -9987 0
354 -9952 1
355 -9890 2
356 -9809 0
357 -9704 1
358 -9568 2
359 -9415 0
360 -9235 1
361 -9043 5
362 -8821 6
363 -8581 -1
364 -8320 -2
365 -8035 -1
366 -7727 0
367 -7410 -3
368 -7065 0
369 -6716 4
370 -6341 3
371 -5959 -1
372 -5557 3
373 -5138 4
374 -4712 3
375 -4280 4
376 -3823 -4
377 -3374 3
378 -2905 1
379 -2439 3
380 -1955 2
381 -1472 -1
382 -987 0
383 -502 0
384 -7 -17
385 488 -11
386 979 -10
387 1462 -4
388 1946 -5
389 2431 -10
390 2902 -8
391 3368 -5
392 3819 -11
393 4281 -7
394 4718 -7
395 5143 1
396 5554 4
397 5955 -3
398 6344 -3
399 6717 0
400 7066 1
401 7409 0
402 7726 0
403 8032 1
404 8317 -1
405 8576 -4
406 8818 -3
407 9043 -3
408 9236 0
409 9417 1
410 9569 0
411 9701 -2
412 9810 -2
413 9893 0
414 9953 -1
415 9987 0
416 9995 1
417 9987 0
418 9952 -1
419 9890 -2
420 9809 0
421 9704 -1
422 9568 -2
423 9415 0
424 9235 -1
425 9043 -5
426 8821 -6
427 8581 1
428 8320 2
429 8035 1
430 7727 0
431 7410 3
432 7065 0
433 6716 -4
434 6341 -3
435 5959 1
436 5557 -3
437 5138 -4
438 4712 -3
439 4280 -4
440 3823 4
441 3374 -3
442 2905 -1
443 2439 -3
444 1955 -2
445 1472 1
446 987 0
447 502 0
448 7 17
449 -488 11
450 -979 10
451 -1462 4
452 -1946 5
453 -2431 10
454 -2902 8
455 -3368 5
456 -3819 11
457 -4281 7
458 -4718 7
459 -5143 -1
460 -5554 -4
461 -5955 3
462 -6344 3
463 -6717 0
464 -7066 -1
465 -7409 0
466 -7726 0
467 -8032 -1
468 -8317 1
469 -8576 4
470 -8818 3
471 -9043 3
472 -9236 0
473 -9417 -1
474 -9569 0
475 -9701 2
476 -9810 2
477 -9893 0
478 -9953 1
479 -9987 0
480 -9995 -1
481 -9987 0
482 -9952 1
483 -9890 2
484 -9809 0
485 -9704 1
486 -9568 2
487 -9415 0
488 -9235 1
489 -9043 5
490 -8821 6
491 -8581 -1
492 -8320 -2
493 -8035 -1
494 -7727 0
495 -7410 -3
496 -7065 0
497 -6716 4
498 -6341 3
499 -5959 -1
500 -5557 3
501 -5138 4
502 -4712 3
503 -4280 4
504 -3823 -4
505 -3374 3
506 -2905 1
507 -2439 3
508 -1955 2
509 -1472 -1
510 -987 0
511 -502 0
512 -7 -17
513 488 -11
514 979 -10
515 1462 -4
516 1946 -5
517 2431 -10
518 2902 -8
519 3368 -5
520 3819 -11
521 4281 -7
522 4718 -7
523 5143 1
524 5554 4
525 5955 -3
526 6344 -3
527 6717 0
528 7066 1
529 7409 0
530 7726 0
531 8032 1
532 8317 -1
533 8576 -4
534 8818 -3
535 9043 -3
536 9236 0
537 9417 1
538 9569 0
539 9701 -2
540 9810 -2
541 9893 0
542 9953 -1
543 9987 0
544 9995 1
545 9987 0
546 9952 -1
547 9890 -2
548 9809 0
549 9704 -1
550 9568 -2
551 9415 0
552 9235 -1
553 9043 -5
554 8821 -6
555 8581 1
556 8320 2
557 8035 1
558 7727 0
559 7410 3
560 7065 0
561 6716 -4
562 6341 -3
563 5959 1
564 5557 -3
565 5138 -4
566 4712 -3
567 4280 -4
568 3823 4
569 3374 -3
570 2905 -1
571 2439 -3
572 1955 -2
573 1472 1
574 987 0
575 502 0
576 7 17
577 -488 11
578 -979 10
579 -1462 4
580 -1946 5
581 -2431 10
582 -2902 8
583 -3368 5
584 -3819 11
585 -4281 7
586 -4718 7
587 -5143 -1
588 -5554 -4
589 -5955 3
590 -6344 3
591 -6717 0
592 -7066 -1
593 -7409 0
594 -7726 0
595 -8032 -1
596 -8317 1
597 -8576 4
598 -8818 3
599 -9043 3
600 -9236 0
601 -9417 -1
602 -9569 0
603 -9701 2
604 -9810 2
605 -9893 0
606 -9953 1
607 -9987 0
608 -9995 -1
609 -9987 0
610 -9952 1
611 -9890 2
612 -9809 0
613 -9704 1
614 -9568 2
615 -9415 0
616 -9235 1
617 -9043 5
618 -8821 6
619 -8581 -1
620 -8320 -2
621 -8035 -1
622 -7727 0
623 -7410 -3
624 -7065 0
625 -6716 4
626 -6341 3
627 -5959 -1
628 -5557 3
629 -5138 4
630 -4712 3
631 -4280 4
632 -3823 -4
633 -3374 3
634 -2905 1
635 -2439 3
636 -1955 2
637 -1472 -1
638 -987 0
639 -502 0
640 -7 -17
641 488 -11
642 979 -10
643 1462 -4
644 1946 -5
645 2431 -10
646 2902 -8
647 3368 -5
648 3819 -11
649 4281 -7
650 4718 -7
651 5143 1
652 5554 4
653 5955 -3
654 6344 -3
655 6717 0
656 7066 1
657 7409 0
658 7726 0
659 8032 1
660 8317 -1
661 8576 -4
662 8818 -3
663 9043 -3
664 9236 0
665 9417 1
666 9569 0
667 9701 -2
668 9810 -2
669 9893 0
670 9953 -1
671 9987 0
672 9995 1
673 9987 0
674 9952 -1
675 9890 -2
676 9809 0
677 9704 -1
678 9568 -2
679 9415 0
680 9235 -1
681 9043 -5
682 8821 -6
683 8581 1
684 8320 2
685 8035 1
686 7727 0
687 7410 3
688 7065 0
689 6716 -4
690 6341 -3
691 5959 1
692 5557 -3
693 5138 -4
694 4712 -3
695 4280 -4
696 3823 4
697 3374 -3
698 2905 -1
699 2439 -3
700 1955 -2
701 1472 1
702 987 0
703 502 0
704 7 17
705 -488 11
706 -979 10
707 -1462 4
708 -1946 5
709 -2431 10
710 -2902 8
711 -3368 5
712 -3819 11
713 -4281 7
714 -4718 7
715 -5143 -1
716 -5554 -4
717 -5955 3
718 -6344 3
719 -6717 0
720 -7066 -1
721 -7409 0
722 -7726 0
723 -8032 -1
724 -8317 1
725 -8576 4
726 -8818 3
727 -9043 3
728 -9236 0
729 -9417 -1
730 -9569 0
731 -9701 2
732 -9810 2
733 -9893 0
734 -9953 1
735 -9987 0
736 -9995 -1
737 -9987 0
738 -9952 1
739 -9890 2
740 -9809 0
741 -9704 1
742 -9568 2
743 -9415 0
744 -9235 1
745 -9043 5
746 -8821 6
747 -8581 -1
748 -8320 -2
749 -8035 -1
750 -7727 0
751 -7410 -3
752 -7065 0
753 -6716 4
754 -6341 3
755 -5959 -1
756 -5557 3
757 -5138 4
758 -4712 3
759 -4280 4
760 -3823 -4
761 -3374 3
762 -2905 1
763 -2439 3
764 -1955 2
765 -1472 -1
766 -987 0
767 -502 0
768 -7 -17
769 488 -11
770 979 -10
771 1462 -4
772 1946 -5
773 2431 -10
774 2902 -8
775 3368 -5
776 3819 -11
777 4281 -7
778 4718 -7
779 5143 1
780 5554 4
781 5955 -3
782 6344 -3
783 6717 0
784 7066 1
785 7409 0
786 7726 0
787 8032 1
788 8317 -1
789 8576 -4
790 8818 -3
791 9043 -3
792 9236 0
793 9417 1
794 9569 0
795 9701 -2
796 9810 -2
797 9893 0
798 9953 -1
799 9987 0
800 9995 1
801 9987 0
802 9952 -1
803 9890 -2
804 9809 0
805 9704 -1
806 9568 -2
807 9415 0
808 9235 -1
809 9043 -5
810 8821 -6
811 8581 1
812 8320 2
813 8035 1
814 7727 0
815 7410 3
816 7065 0
817 6716 -4
818 6341 -3
819 5959 1
820 5557 -3
821 5138 -4
822 4712 -3
823 4280 -4
824 3823 4
825 3374 -3
826 2905 -1
827 2439 -3
828 1955 -2
829 1472 1
830 987 0
831 502 0
832 7 17
833 -488 11
834 -979 10
835 -1462 4
836 -1946 5
837 -2431 10
838 -2902 8
839 -3368 5
840 -3819 11
841 -4281 7
842 -4718 7
843 -5143 -1
844 -5554 -4
845 -5955 3
846 -6344 3
847 -6717 0
848 -7066 -1
849 -7409 0
850 -7726 0
851 -8032 -1
852 -8317 1
853 -8576 4
854 -8818 3
855 -9043 3
856 -9236 0
857 -9417 -1
858 -9569 0
859 -9701 2
860 -9810 2
861 -9893 0
862 -9953 1
863 -9987 0
864 -9995 -1
865 -9987 0
866 -9952 1
867 -9890 2
868 -9809 0
869 -9704 1
870 -9568 2
871 -9415 0
872 -9235 1
873 -9043 5
874 -8821 6
875 -8581 -1
876 -8320 -2
877 -8035 -1
878 -7727 0
879 -7410 -3
880 -7065 0
881 -6716 4
882 -6341 3
883 -5959 -1
884 -5557 3
885 -5138 4
886 -4712 3
887 -4280 4
888 -3823 -4
889 -3374 3
890 -2905 1
891 -2439 3
892 -1955 2
893 -1472 -1
894 -987 0
895 -502 0
896 -7 -17
897 488 -11
898 979 -10
899 1462 -4
900 1946 -5
901 2431 -10
902 2902 -8
903 3368 -5
904 3819 -11
905 4281 -7
906 4718 -7
907 5143 1
908 5554 4
909 5955 -3
910 6344 -3
911 6717 0
912 7066 1
913 7409 0
914 7726 0
915 8032 1
916 8317 -1
917 8576 -4
918 8818 -3
919 9043 -3
920 9236 0
921 9417 1
922 9569 0
923 9701 -2
924 9810 -2
925 9893 0
926 9953 -1
927 9987 0
928 9995 1
929 9987 0
930 9952 -1
931 9890 -2
932 9809 0
933 9704 -1
934 9568 -2
935 9415 0
936 9235 -1
937 9043 -5
938 8821 -6
939 8581 1
940 8320 2
941 8035 1
942 7727 0
943 7410 3
944 7065 0
945 6716 -4
946 6341 -3
947 5959 1
948 5557 -3
949 5138 -4
950 4712 -3
951 4280 -4
952 3823 4
953 3374 -3
954 2905 -1
955 2439 -3
956 1955 -2
957 1472 1
958 987 0
959 502 0
960 7 17
961 -488 11
962 -979 10
963 -1462 4
964 -1946 5
965 -2431 10
966 -2902 8
967 -3368 5
968 -3819 11
969 -4281 7
970 -4718 7
971 -5143 -1
972 -5554 -4
973 -5955 3
974 -6344 3
975 -6717 0
976 -7066 -1
977 -7409 0
978 -7726 0
979 -8032 -1
980 -8317 1
981 -8576 4
982 -8818 3
983 -9043 3
984 -9236 0
985 -9417 -1
986 -9569 0
987 -9701 2
988 -9810 2
989 -9893 0
990 -9953 1
991 -9987 0
992 -9995 -1
993 -9987 0
994 -9952 1
995 -9890 2
996 -9809 0
997 -9704 1
998 -9568 2
999 -9415 0
1000 -9235 1
1001 -9043 5
1002 -8821 6
1003 -8581 -1
1004 -8320 -2
1005 -8035 -1
1006 -7727 0
1007 -7410 -3
1008 -7065 0
1009 -6716 4
1010 -6341 3
1011 -5959 -1
1012 -5557 3
1013 -5138 4
1014 -4712 3
1015 -4280 4
1016 -3823 -4
1017 -3374 3
1018 -2905 1
1019 -2439 3
1020 -1955 2
1021 -1472 -1
1022 -987 0
1023 -502 0
1024 -7 -17
1025 488 -11
1026 979 -10
1027 1462 -4
1028 1946 -5
1029 2431 -10
1030 2902 -8
1031 3368 -5
1032 3819 -11
1033 4281 -7
1034 4718 -7
1035 5143 1
1036 5554 4
1037 5955 -3
1038 6344 -3
1039 6717 0
1040 7066 1
1041 7409 0
1042 7726 0
1043 8032 1
1044 8317 -1
1045 8576 -4
1046 8818 -3
1047 9043 -3
1048 9236 0
1049 9417 1
1050 9569 0
1051 9701 -2
1052 9810 -2
1053 9893 0
1054 9953 -1
1055 9987 0
1056 9995 1
1057 9987 0
1058 9952 -1
1059 9890 -2
1060 9809 0
1061 9704 -1
1062 9568 -2
1063 9415 0
1064 9235 -1
1065 9043 -5
1066 8821 -6
1067 8581 1
1068 8320 2
1069 8035 1
1070 7727 0
1071 7410 3
1072 7065 0
1073 6716 -4
1074 6341 -3
1075 5959 1
1076 5557 -3
1077 5138 -4
1078 4712 -3
1079 4280 -4
1080 3823 4
1081 3374 -3
1082 2905 -1
1083 2439 -3
1084 1955 -2
1085 1472 1
1086 987 0
1087 502 0
1088 7 17
1089 -488 11
1090 -979 10
1091 -1462 4
1092 -1946 5
1093 -2431 10
1094 -2902 8
1095 -3368 5
1096 -3819 11
1097 -4281 7
1098 -4718 7
1099 -5143 -1
1100 -5554 -4
1101 -5955 3
1102 -6344 3
1103 -6717 0
1104 -7066 -1
1105 -7409 0
1106 -7726 0
1107 -8032 -1
1108 -8317 1
1109 -8576 4
1110 -8818 3
1111 -9043 3
1112 -9236 0
1113 -9417 -1
1114 -9569 0
1115 -9701 2
1116 -9810 2
1117 -9893 0
1118 -9953 1
1119 -9987 0
1120 -9995 -1
1121 -9987 0
1122 -9952 1
1123 -9890 2
1124 -9809 0
1125 -9704 1
1126 -9568 2
1127 -9415 0
1128 -9235 1
1129 -9043 5
1130 -8821 6
1131 -8581 -1
1132 -8320 -2
1133 -8035 -1
1134 -7727 0
1135 -7410 -3
1136 -7065 0
1137 -6716 4
1138 -6341 3
1139 -5959 -1
1140 -5557 3
1141 -5138 4
1142 -4712 3
1143 -4280 4
1144 -3823 -4
1145 -3374 3
1146 -2905 1
1147 -2439 3
1148 -1955 2
1149 -1472 -1
1150 -987 0
1151 -502 0
1152 -7 -17
1153 488 -11
1154 979 -10
1155 1462 -4
1156 1946 -5
1157 2431 -10
1158 2902 -8
1159 3368 -5
1160 3819 -11
1161 4281 -7
1162 4718 -7
1163 5143 1
1164 5554 4
1165 5955 -3
1166 6344 -3
1167 6717 0
1168 7066 1
1169 7409 0
1170 7726 0
1171 8032 1
1172 8317 -1
1173 8576 -4
1174 8818 -3
1175 9043 -3
1176 9236 0
1177 9417 1
1178 9569 0
1179 9701 -2
1180 9810 -2
1181 9893 0
1182 9953 -1
1183 9987 0
1184 9995 1
1185 9987 0
1186 9952 -1
1187 9890 -2
1188 9809 0
1189 9704 -1
1190 9568 -2
1191 9415 0
1192 9235 -1
1193 9043 -5
1194 8821 -6
1195 8581 1
1196 8320 2
1197 8035 1
1198 7727 0
1199 7410 3
1200 7065 0
1201 6716 -4
1202 6341 -3
1203 5959 1
1204 5557 -3
1205 5138 -4
1206 4712 -3
1207 4280 -4
1208 3823 4
1209 3374 -3
1210 2905 -1
1211 2439 -3
1212 1955 -2
1213 1472 1
1214 987 0
1215 502 0
1216 7 17
1217 -488 11
1218 -979 10
1219 -1462 4
1220 -1946 5
1221 -2431 10
1222 -2902 8
1223 -3368 5
1224 -3819 11
1225 -4281 7
1226 -4718 7
1227 -5143 -1
1228 -5554 -4
1229 -5955 3
1230 -6344 3
1231 -6717 0
1232 -7066 -1
1233 -7409 0
1234 -7726 0
1235 -8032 -1
1236 -8317 1
1237 -8576 4
1238 -8818 3
1239 -9043 3
1240 -9236 0
1241 -9417 -1
1242 -9569 0
1243 -9701 2
1244 -9810 2
1245 -9893 0
1246 -9953 1
1247 -9987 0
1248 -9995 -1
1249 -9987 0
1250 -9952 1
1251 -9890 2
1252 -9809 0
1253 -9704 1
1254 -9568 2
1255 -9415 0
1256 -9235 1
1257 -9043 5
1258 -8821 6
1259 -8581 -1
1260 -8320 -2
1261 -8035 -1
1262 -7727 0
1263 -7410 -3
1264 -7065 0
1265 -6716 4
1266 -6341 3
1267 -5959 -1
1268 -5557 3
1269 -5138 4
1270 -4712 3
1271 -4280 4
1272 -3823 -4
1273 -3374 3
1274 -2905 1
1275 -2439 3
1276 -1955 2
1277 -1472 -1
1278 -987 0
1279 -502 0
1280 -7 -17
1281 488 -11
1282 979 -10
1283 1462 -4
1284 1946 -5
1285 2431 -10
1286 2902 -8
1287 3368 -5
1288 3819 -11
1289 4281 -7
1290 4718 -7
1291 5143 1
1292 5554 4
1293 5955 -3
1294 6344 -3
1295 6717 0
1296 7066 1
1297 7409 0
1298 7726 0
1299 8032 1
1300 8317 -1
1301 8576 -4
1302 8818 -3
1303 9043 -3
1304 9236 0
1305 9417 1
1306 9569 0
1307 9701 -2
1308 9810 -2
1309 9893 0
1310 9953 -1
1311 9987 0
1312 9995 1
1313 9987 0
1314 9952 -1
1315 9890 -2
1316 9809 0
1317 9704 -1
1318 9568 -2
1319 9415 0
1320 9235 -1
1321 9043 -5
1322 8821 -6
1323 8581 1
1324 8320 2
1325 8035 1
1326 7727 0
1327 7410 3
1328 7065 0
1329 6716 -4
1330 6341 -3
1331 5959 1
1332 5557 -3
1333 5138 -4
1334 4712 -3
1335 4280 -4
1336 3823 4
1337 3374 -3
1338 2905 -1
1339 2439 -3
1340 1955 -2
1341 1472 1
1342 987 0
1343 502 0
1344 7 17
1345 -488 11
1346 -979 10
1347 -1462 4
1348 -1946 5
1349 -2431 10
1350 -2902 8
1351 -3368 5
1352 -3819 11
1353 -4281 7
1354 -4718 7
1355 -5143 -1
1356 -5554 -4
1357 -5955 3
1358 -6344 3
1359 -6717 0
1360 -7066 -1
1361 -7409 0
1362 -7726 0
1363 -8032 -1
1364 -8317 1
1365 -8576 4
1366 -8818 3
1367 -9043 3
1368 -9236 0
1369 -9417 -1
1370 -9569 0
1371 -9701 2
1372 -9810 2
1373 -9893 0
1374 -9953 1
1375 -9987 0
1376 -9995 -1
1377 -9987 0
1378 -9952 1
1379 -9890 2
1380 -9809 0
1381 -9704 1
1382 -9568 2
1383 -9415 0
1384 -9235 1
1385 -9043 5
1386 -8821 6
1387 -8581 -1
1388 -8320 -2
1389 -8035 -1
1390 -7727 0
1391 -7410 -3
1392 -7065 0
1393 -6716 4
1394 -6341 3
1395 -5959 -1
1396 -5557 3
1397 -5138 4
1398 -4712 3
1399 -4280 4
1400 -3823 -4
1401 -3374 3
1402 -2905 1
1403 -2439 3
1404 -1955 2
1405 -1472 -1
1406 -987 0
1407 -502 0
1408 -7 -17
1409 488 -11
1410 979 -10
1411 1462 -4
1412 1946 -5
1413 2431 -10
1414 2902 -8
1415 3368 -5
1416 3819 -11
1417 4281 -7
1418 4718 -7
1419 5143 1
1420 5554 4
1421 5955 -3
1422 6344 -3
1423 6717 0
1424 7066 1
1425 7409 0
1426 7726 0
1427 8032 1
1428 8317 -1
1429 8576 -4
1430 8818 -3
1431 9043 -3
1432 9236 0
1433 9417 1
1434 9569 0
1435 9701 -2
1436 9810 -2
1437 9893 0
1438 9953 -1
1439 9987 0
1440 9995 1
1441 9987 0
1442 9952 -1
1443 9890 -2
1444 9809 0
1445 9704 -1
1446 9568 -2
1447 9415 0
1448 9235 -1
1449 9043 -5
1450 8821 -6
1451 8581 1
1452 8320 2
1453 8035 1
1454 7727 0
1455 7410 3
1456 7065 0
1457 6716 -4
1458 6341 -3
1459 5959 1
1460 5557 -3
1461 5138 -4
1462 4712 -3
1463 4280 -4
1464 3823 4
1465 3374 -3
1466 2905 -1
1467 2439 -3
1468 1955 -2
1469 1472 1
1470 987 0
1471 502 0
1472 7 17
1473 -488 11
1474 -979 10
1475 -1462 4
1476 -1946 5
1477 -2431 10
1478 -2902 8
1479 -3368 5
1480 -3819 11
1481 -4281 7
1482 -4718 7
1483 -5143 -1
1484 -5554 -4
1485 -5955 3
1486 -6344 3
1487 -6717 0
1488 -7066 -1
1489 -7409 0
1490 -7726 0
1491 -8032 -1
1492 -8317 1
1493 -8576 4
1494 -8818 3
1495 -9043 3
1496 -9236 0
1497 -9417 -1
1498 -9569 0
1499 -9701 2
1500 -9810 2
1501 -9893 0
1502 -9953 1
1503 -9987 0
1504 -9995 -1
1505 -9987 0
1506 -9952 1
1507 -9890 2
1508 -9809 0
1509 -9704 1
1510 -9568 2
1511 -9415 0
1512 -9235 1
1513 -9043 5
1514 -8821 6
1515 -8581 -1
1516 -8320 -2
1517 -8035 -1
1518 -7727 0
1519 -7410 -3
1520 -7065 0
1521 -6716 4
1522 -6341 3
1523 -5959 -1
1524 -5557 3
1525 -5138 4
1526 -4712 3
1527 -4280 4
1528 -3823 -4
1529 -3374 3
1530 -2905 1
1531 -2439 3
1532 -1955 2
1533 -1472 -1
1534 -987 0
1535 -502 0
1536 -7 -17
1537 488 -11
1538 979 -10
1539 1462 -4
1540 1946 -5
1541 2431 -10
1542 2902 -8
1543 3368 -5
1544 3819 -11
1545 4281 -7
1546 4718 -7
1547 5143 1
1548 5554 4
1549 5955 -3
1550 6344 -3
1551 6717 0
1552 7066 1
1553 7409 0
1554 7726 0
1555 8032 1
1556 8317 -1
1557 8576 -4
1558 8818 -3
1559 9043 -3
1560 9236 0
1561 9417 1
1562 9569 0
1563 9701 -2
1564 9810 -2
1565 9893 0
1566 9953 -1
1567 9987 0
1568 9995 1
1569 9987 0
1570 9952 -1
1571 9890 -2
1572 9809 0
1573 9704 -1
1574 9568 -2
1575 9415 0
1576 9235 -1
1577 9043 -5
1578 8821 -6
1579 8581 1
1580 8320 2
1581 8035 1
1582 7727 0
1583 7410 3
1584 7065 0
1585 6716 -4
1586 6341 -3
1587 5959 1
1588 5557 -3
1589 5138 -4
1590 4712 -3
1591 4280 -4
1592 3823 4
1593 3374 -3
1594 2905 -1
1595 2439 -3
1596 1955 -2
1597 1472 1
1598 987 0
1599 502 0
1600 7 17
1601 -488 11
1602 -979 10
1603 -1462 4
1604 -1946 5
1605 -2431 10
1606 -2902 8
1607 -3368 5
1608 -3819 11
1609 -4281 7
1610 -4718 7
1611 -5143 -1
1612 -5554 -4
1613 -5955 3
1614 -6344 3
1615 -6717 0
1616 -7066 -1
1617 -7409 0
1618 -7726 0
1619 -8032 -1
1620 -8317 1
1621 -8576 4
1622 -8818 3
1623 -9043 3
1624 -9236 0
1625 -9417 -1
1626 -9569 0
1627 -9701 2
1628 -9810 2
1629 -9893 0
1630 -9953 1
1631 -9987 0
1632 -9995 -1
1633 -9987 0
1634 -9952 1
1635 -9890 2
1636 -9809 0
1637 -9704 1
1638 -9568 2
1639 -9415 0
1640 -9235 1
1641 -9043 5
1642 -8821 6
1643 -8581 -1
1644 -8320 -2
1645 -8035 -1
1646 -7727 0
1647 -7410 -3
1648 -7065 0
1649 -6716 4
1650 -6341 3
1651 -5959 -1
1652 -5557 3
1653 -5138 4
1654 -4712 3
1655 -4280 4
1656 -3823 -4
1657 -3374 3
1658 -2905 1
1659 -2439 3
1660 -1955 2
1661 -1472 -1
1662 -987 0
1663 -502 0
1664 -7 -17
1665 488 -11
1666 979 -10
1667 1462 -4
1668 1946 -5
1669 2431 -10
1670 2902 -8
1671 3368 -5
1672 3819 -11
1673 4281 -7
1674 4718 -7
1675 5143 1
1676 5554 4
1677 5955 -3
1678 6344 -3
1679 6717 0
1680 7066 1
1681 7409 0
1682 7726 0
1683 8032 1
1684 8317 -1
1685 8576 -4
1686 8818 -3
1687 9043 -3
1688 9236 0
1689 9417 1
1690 9569 0
1691 9701 -2
1692 9810 -2
1693 9893 0
1694 9953 -1
1695 9987 0
1696 9995 1
1697 9987 0
1698 9952 -1
1699 9890 -2
1700 9809 0
1701 9704 -1
1702 9568 -2
1703 9415 0
1704 9235 -1
1705 9043 -5
1706 8821 -6
1707 8581 1
1708 8320 2
1709 8035 1
1710 7727 0
1711 7410 3
1712 7065 0
1713 6716 -4
1714 6341 -3
1715 5959 1
1716 5557 -3
1717 5138 -4
1718 4712 -3
1719 4280 -4
1720 3823 4
1721 3374 -3
1722 2905 -1
1723 2439 -3
1724 1955 -2
1725 1472 1
1726 987 0
1727 502 0
1728 7 17
1729 -488 11
1730 -979 10
1731 -1462 4
1732 -1946 5
1733 -2431 10
1734 -2902 8
1735 -3368 5
1736 -3819 11
1737 -4281 7
1738 -4718 7
1739 -5143 -1
1740 -5554 -4
1741 -5955 3
1742 -6344 3
1743 -6717 0
1744 -7066 -1
1745 -7409 0
1746 -7726 0
1747 -8032 -1
1748 -8317 1
1749 -8576 4
1750 -8818 3
1751 -9043 3
1752 -9236 0
1753 -9417 -1
1754 -9569 0
1755 -9701 2
1756 -9810 2
1757 -9893 0
1758 -9953 1
1759 -9987 0
1760 -9995 -1
1761 -9987 0
1762 -9952 1
1763 -9890 2
1764 -9809 0
1765 -9704 1
1766 -9568 2
1767 -9415 0
1768 -9235 1
1769 -9043 5
1770 -8821 6
1771 -8581 -1
1772 -8320 -2
1773 -8035 -1
1774 -7727 0
1775 -7410 -3
1776 -7065 0
1777 -6716 4
1778 -6341 3
1779 -5959 -1
1780 -5557 3
1781 -5138 4
1782 -4712 3
1783 -4280 4
1784 -3823 -4
1785 -3374 3
1786 -2905 1
1787 -2439 3
1788 -1955 2
1789 -1472 -1
1790 -987 0
1791 -502 0
1792 -7 -17
1793 488 -11
1794 979 -10
1795 1462 -4
1796 1946 -5
1797 2431 -10
1798 2902 -8
1799 3368 -5
1800 3819 -11
1801 4281 -7
1802 4718 -7
1803 5143 1
1804 5554 4
1805 5955 -3
1806 6344 -3
1807 6717 0
1808 7066 1
1809 7409 0
1810 7726 0
1811 8032 1
1812 8317 -1
1813 8576 -4
1814 8818 -3
1815 9043 -3
1816 9236 0
1817 9417 1
1818 9569 0
1819 9701 -2
1820 9810 -2
1821 9893 0
1822 9953 -1
1823 9987 0
1824 9995 1
1825 9987 0
1826 9952 -1
1827 9890 -2
1828 9809 0
1829 9704 -1
1830 9568 -2
1831 9415 0
1832 9235 -1
1833 9043 -5
1834 8821 -6
1835 8581 1
1836 8320 2
1837 8035 1
1838 7727 0
1839 7410 3
1840 7065 0
1841 6716 -4
1842 6341 -3
1843 5959 1
1844 5557 -3
1845 5138 -4
1846 4712 -3
1847 4280 -4
1848 3823 4
1849 3374 -3
1850 2905 -1
1851 2439 -3
1852 1955 -2
1853 1472 1
1854 987 0
1855 502 0
1856 7 17
1857 -488 11
1858 -979 10
1859 -1462 4
1860 -1946 5
1861 -2431 10
1862 -2902 8
1863 -3368 5
1864 -3819 11
1865 -4281 7
1866 -4718 7
1867 -5143 -1
1868 -5554 -4
1869 -5955 3
1870 -6344 3
1871 -6717 0
1872 -7066 -1
1873 -7409 0
1874 -7726 0
1875 -8032 -1
1876 -8317 1
1877 -8576 4
1878 -8818 3
1879 -9043 3
1880 -9236 0
1881 -9417 -1
1882 -9569 0
1883 -9701 2
1884 -9810 2
1885 -9893 0
1886 -9953 1
1887 -9987 0
1888 -9995 -1
1889 -9987 0
1890 -9952 1
1891 -9890 2
1892 -9809 0
1893 -9704 1
1894 -9568 2
1895 -9415 0
1896 -9235 1
1897 -9043 5
1898 -8821 6
1899 -8581 -1
1900 -8320 -2
1901 -8035 -1
1902 -7727 0
1903 -7410 -3
1904 -7065 0
1905 -6716 4
1906 -6341 3
1907 -5959 -1
1908 -5557 3
1909 -5138 4
1910 -4712 3
1911 -4280 4
1912 -3823 -4
1913 -3374 3
1914 -2905 1
1915 -2439 3
1916 -1955 2
1917 -1472 -1
1918 -987 0
1919 -502 0
1920 -7 -17
1921 488 -11
1922 979 -10
1923 1462 -4
1924 1946 -5
1925 2431 -10
1926 2902 -8
1927 3368 -5
1928 3819 -11
1929 4281 -7
1930 4718 -7
1931 5143 1
1932 5554 4
1933 5955 -3
1934 6344 -3
1935 6717 0
1936 7066 1
1937 7409 0
1938 7726 0
1939 8032 1
1940 8317 -1
1941 8576 -4
1942 8818 -3
1943 9043 -3
1944 9236 0
1945 9417 1
1946 9569 0
1947 9701 -2
1948 9810 -2
1949 9893 0
1950 9953 -1
1951 9987 0
1952 9995 1
1953 9987 0
1954 9952 -1
1955 9890 -2
1956 9809 0
1957 9704 -1
1958 9568 -2
1959 9415 0
1960 9235 -1
1961 9043 -5
1962 8821 -6
1963 8581 1
1964 8320 2
1965 8035 1
1966 7727 0
1967 7410 3
1968 7065 0
1969 6716 -4
1970 6341 -3
1971 5959 1
1972 5557 -3
1973 5138 -4
1974 4712 -3
1975 4280 -4
1976 3823 4
1977 3374 -3
1978 2905 -1
1979 2439 -3
1980 1955 -2
1981 1472 1
1982 987 0
1983 502 0
1984 7 17
1985 -488 11
1986 -979 10
1987 -1462 4
1988 -1946 5
1989 -2431 10
1990 -2902 8
1991 -3368 5
1992 -3819 11
1993 -4281 7
1994 -4718 7
1995 -5143 -1
1996 -5554 -4
1997 -5955 3
1998 -6344 3
1999 -6717 0
2000 -7066 -1
2001 -7409 0
2002 -7726 0
2003 -8032 -1
2004 -8317 1
2005 -8576 4
2006 -8818 3
2007 -9043 3
2008 -9236 0
2009 -9417 -1
2010 -9569 0
2011 -9701 2
2012 -9810 2
2013 -9893 0
2014 -9953 1
2015 -9987 0
2016 -9995 -1
2017 -9987 0
2018 -9952 1
2019 -9890 2
2020 -9809 0
2021 -9704 1
2022 -9568 2
2023 -9415 0
2024 -9235 1
2025 -9043 5
2026 -8821 6
2027 -8581 -1
2028 -8320 -2
2029 -8035 -1
2030 -7727 0
2031 -7410 -3
2032 -7065 0
2033 -6716 4
2034 -6341 3
2035 -5959 -1
2036 -5557 3
2037 -5138 4
2038 -4712 3
2039 -4280 4
2040 -3823 -4
2041 -3374 3
2042 -2905 1
2043 -2439 3
2044 -1955 2
2045 -1472 -1
2046 -987 0
2047 -502 0
2048 -7 -17
2049 488 -11
2050 979 -10
2051 1462 -4
2052 1946 -5
2053 2431 -10
2054 2902 -8
2055 3368 -5
2056 3819 -11
2057 4281 -7
2058 4718 -7
2059 5143 1
2060 5554 4
2061 5955 -3
2062 6344 -3
2063 6717 0
2064 7066 1
2065 7409 0
2066 7726 0
2067 8032 1
2068 8317 -1
2069 8576 -4
2070 8818 -3
2071 9043 -3
2072 9236 0
2073 9417 1
2074 9569 0
2075 9701 -2
2076 9810 -2
2077 9893 0
2078 9953 -1
2079 9987 0
2080 9995 1
2081 9987 0
2082 9952 -1
2083 9890 -2
2084 9809 0
2085 9704 -1
2086 9568 -2
2087 9415 0
2088 9235 -1
2089 9043 -5
2090 8821 -6
2091 8581 1
2092 8320 2
2093 8035 1
2094 7727 0
2095 7410 3
2096 7065 0
2097 6716 -4
2098 6341 -3
2099 5959 1
2100 5557 -3
2101 5138 -4
2102 4712 -3
2103 4280 -4
2104 3823 4
2105 3374 -3
2106 2905 -1
2107 2439 -3
2108 1955 -2
2109 1472 1
2110 987 0
2111 502 0
2112 7 17
2113 -488 11
2114 -979 10
2115 -1462 4
2116 -1946 5
2117 -2431 10
2118 -2902 8
2119 -3368 5
2120 -3819 11
2121 -4281 7
2122 -4718 7
2123 -5143 -1
2124 -5554 -4
2125 -5955 3
2126 -6344 3
2127 -6717 0
2128 -7066 -1
2129 -7409 0
2130 -7726 0
2131 -8032 -1
2132 -8317 1
2133 -8576 4
2134 -8818 3
2135 -9043 3
2136 -9236 0
2137 -9417 -1
2138 -9569 0
2139 -9701 2
2140 -9810 2
2141 -9893 0
2142 -9953 1
2143 -9987 0
2144 -9995 -1
2145 -9987 0
2146 -9952 1
2147 -9890 2
2148 -9809 0
2149 -9704 1
2150 -9568 2
2151 -9415 0
2152 -9235 1
2153 -9043 5
2154 -8821 6
2155 -8581 -1
2156 -8320 -2
2157 -8035 -1
2158 -7727 0
2159 -7410 -3
2160 -7065 0
2161 -6716 4
2162 -6341 3
2163 -5959 -1
2164 -5557 3
2165 -5138 4
2166 -4712 3
2167 -4280 4
2168 -3823 -4
2169 -3374 3
2170 -2905 1
2171 -2439 3
2172 -1955 2
2173 -1472 -1
2174 -987 0
2175 -502 0
2176 -7 -17
2177 488 -11
2178 979 -10
2179 1462 -4
2180 1946 -5
2181 2431 -10
2182 2902 -8
2183 3368 -5
2184 3819 -11
2185 4281 -7
2186 4718 -7
2187 5143 1
2188 5554 4
2189 5955 -3
2190 6344 -3
2191 6717 0
2192 7066 1
2193 7409 0
2194 7726 0
2195 8032 1
2196 8317 -1
2197 8576 -4
2198 8818 -3
2199 9043 -3
2200 9236 0
2201 9417 1
2202 9569 0
2203 9701 -2
2204 9810 -2
2205 9893 0
2206 9953 -1
2207 9987 0
2208 9995 1
2209 9987 0
2210 9952 -1
2211 9890 -2
2212 9809 0
2213 9704 -1
2214 9568 -2
2215 9415 0
2216 9235 -1
2217 9043 -5
2218 8821 -6
2219 8581 1
2220 8320 2
2221 8035 1
2222 7727 0
2223 7410 3
2224 7065 0
2225 6716 -4
2226 6341 -3
2227 5959 1
2228 5557 -3
2229 5138 -4
2230 4712 -3
2231 4280 -4
2232 3823 4
2233 3374 -3
2234 2905 -1
2235 2439 -3
2236 1955 -2
2237 1472 1
2238 987 0
2239 502 0
2240 7 17
2241 -488 11
2242 -979 10
2243 -1462 4
2244 -1946 5
2245 -2431 10
2246 -2902 8
2247 -3368 5
2248 -3819 11
2249 -4281 7
2250 -4718 7
2251 -5143 -1
2252 -5554 -4
2253 -5955 3
2254 -6344 3
2255 -6717 0
2256 -7066 -1
2257 -7409 0
2258 -7726 0
2259 -8032 -1
2260 -8317 1
2261 -8576 4
2262 -8818 3
2263 -9043 3
2264 -9236 0
2265 -9417 -1
2266 -9569 0
2267 -9701 2
2268 -9810 2
2269 -9893 0
2270 -9953 1
2271 -9987 0
2272 -9995 -1
2273 -9987 0
2274 -9952 1
2275 -9890 2
2276 -9809 0
2277 -9704 1
2278 -9568 2
2279 -9415 0
2280 -9235 1
2281 -9043 5
2282 -8821 6
2283 -8581 -1
2284 -8320 -2
2285 -8035 -1
2286 -7727 0
2287 -7410 -3
2288 -7065 0
2289 -6716 4
2290 -6341 3
2291 -5959 -1
2292 -5557 3
2293 -5138 4
2294 -4712 3
2295 -4280 4
2296 -3823 -4
2297 -3374 3
2298 -2905 1
2299 -2439 3
2300 -1955 2
2301 -1472 -1
2302 -987 0
2303 -502 0
2304 -7 -17
2305 488 -11
2306 979 -10
2307 1462 -4
2308 1946 -5
2309 2431 -10
2310 2902 -8
2311 3368 -5
2312 3819 -11
2313 4281 -7
2314 4718 -7
2315 5143 1
2316 5554 4
2317 5955 -3
2318 6344 -3
2319 6717 0
2320 7066 1
2321 7409 0
2322 7726 0
2323 8032 1
2324 8317 -1
2325 8576 -4
2326 8818 -3
2327 9043 -3
2328 9236 0
2329 9417 1
2330 9569 0
2331 9701 -2
2332 9810 -2
2333 9893 0
2334 9953 -1
2335 9987 0
2336 9995 1
2337 9987 0
2338 9952 -1
2339 9890 -2
2340 9809 0
2341 9704 -1
2342 9568 -2
2343 9415 0
2344 9235 -1
2345 9043 -5
2346 8821 -6
2347 8581 1
2348 8320 2
2349 8035 1
2350 7727 0
2351 7410 3
2352 7065 0
2353 6716 -4
2354 6341 -3
2355 5959 1
2356 5557 -3
2357 5138 -4
2358 4712 -3
2359 4280 -4
2360 3823 4
2361 3374 -3
2362 2905 -1
2363 2439 -3
2364 1955 -2
2365 1472 1
2366 987 0
2367 502 0
2368 7 17
2369 -488 11
2370 -979 10
2371 -1462 4
2372 -1946 5
2373 -2431 10
2374 -2902 8
2375 -3368 5
2376 -3819 11
2377 -4281 7
2378 -4718 7
2379 -5143 -1
2380 -5554 -4
2381 -5955 3
2382 -6344 3
2383 -6717 0
2384 -7066 -1
2385 -7409 0
2386 -7726 0
2387 -8032 -1
2388 -8317 1
2389 -8576 4
2390 -8818 3
2391 -9043 3
2392 -9236 0
2393 -9417 -1
2394 -9569 0
2395 -9701 2
2396 -9810 2
2397 -9893 0
2398 -9953 1
2399 -9987 0
2400 -9995 -1
2401 -9987 0
2402 -9952 1
2403 -9890 2
2404 -9809 0
2405 -9704 1
2406 -9568 2
2407 -9415 0
2408 -9235 1
2409 -9043 5
2410 -8821 6
2411 -8581 -1
2412 -8320 -2
2413 -8035 -1
2414 -7727 0
2415 -7410 -3
2416 -7065 0
2417 -6716 4
2418 -6341 3
2419 -5959 -1
2420 -5557 3
2421 -5138 4
2422 -4712 3
2423 -4280 4
2424 -3823 -4
2425 -3374 3
2426 -2905 1
2427 -2439 3
2428 -1955 2
2429 -1472 -1
2430 -987 0
2431 -502 0
2432 -7 -17
2433 488 -11
2434 979 -10
2435 1462 -4
2436 1946 -5
2437 2431 -10
2438 2902 -8
2439 3368 -5
2440 3819 -11
2441 4281 -7
2442 4718 -7
2443 5143 1
2444 5554 4
2445 5955 -3
2446 6344 -3
2447 6717 0
2448 7066 1
2449 7409 0
2450 7726 0
2451 8032 1
2452 8317 -1
2453 8576 -4
2454 8818 -3
2455 9043 -3
2456 9236 0
2457 9417 1
2458 9569 0
2459 9701 -2
2460 9810 -2
2461 9893 0
2462 9953 -1
2463 9987 0
2464 9995 1
2465 9987 0
2466 9952 -1
2467 9890 -2
2468 9809 0
2469 9704 -1
2470 9568 -2
2471 9415 0
2472 9235 -1
2473 9043 -5
2474 8821 -6
2475 8581 1
2476 8320 2
2477 8035 1
2478 7727 0
2479 7410 3
2480 7065 0
2481 6716 -4
2482 6341 -3
2483 5959 1
2484 5557 -3
2485 5138 -4
2486 4712 -3
2487 4280 -4
2488 3823 4
2489 3374 -3
2490 2905 -1
2491 2439 -3
2492 1955 -2
2493 1472 1
2494 987 0
2495 502 0
2496 7 17
2497 -488 11
2498 -979 10
2499 -1462 4
2500 -1946 5
2501 -2431 10
2502 -2902 8
2503 -3368 5
2504 -3819 11
2505 -4281 7
2506 -4718 7
2507 -5143 -1
2508 -5554 -4
2509 -5955 3
2510 -6344 3
2511 -6717 0
2512 -7066 -1
2513 -7409 0
2514 -7726 0
2515 -8032 -1
2516 -8317 1
2517 -8576 4
2518 -8818 3
2519 -9043 3
2520 -9236 0
2521 -9417 -1
2522 -9569 0
2523 -9701 2
2524 -9810 2
2525 -9893 0
2526 -9953 1
2527 -9987 0
2528 -9995 -1
2529 -9987 0
2530 -9952 1
2531 -9890 2
2532 -9809 0
2533 -9704 1
2534 -9568 2
2535 -9415 0
2536 -9235 1
2537 -9043 5
2538 -8821 6
2539 -8581 -1
2540 -8320 -2
2541 -8035 -1
2542 -7727 0
2543 -7410 -3
2544 -7065 0
2545 -6716 4
2546 -6341 3
2547 -5959 -1
2548 -5557 3
2549 -5138 4
2550 -4712 3
2551 -4280 4
2552 -3823 -4
2553 -3374 3
2554 -2905 1
2555 -2439 3
2556 -1955 2
2557 -1472 -1
2558 -987 0
2559 -502 0
2560 -7 -17
2561 488 -11
2562 979 -10
2563 1462 -4
2564 1946 -5
2565 2431 -10
2566 2902 -8
2567 3368 -5
2568 3819 -11
2569 4281 -7
2570 4718 -7
2571 5143 1
2572 5554 4
2573 5955 -3
2574 6344 -3
2575 6717 0
2576 7066 1
2577 7409 0
2578 7726 0
2579 8032 1
2580 8317 -1
2581 8576 -4
2582 8818 -3
2583 9043 -3
2584 9236 0
2585 9417 1
2586 9569 0
2587 9701 -2
2588 9810 -2
2589 9893 0
2590 9953 -1
2591 9987 0
2592 9995 1
2593 9987 0
2594 9952 -1
2595 9890 -2
2596 9809 0
2597 9704 -1
2598 9568 -2
2599 9415 0
2600 9235 -1
2601 9043 -5
2602 8821 -6
2603 8581 1
2604 8320 2
2605 8035 1
2606 7727 0
2607 7410 3
2608 7065 0
2609 6716 -4
2610 6341 -3
2611 5959 1
2612 5557 -3
2613 5138 -4
2614 4712 -3
2615 4280 -4
2616 3823 4
2617 3374 -3
2618 2905 -1
2619 2439 -3
2620 1955 -2
2621 1472 1
2622 987 0
2623 502 0
2624 7 17
2625 -488 11
2626 -979 10
2627 -1462 4
2628 -1946 5
2629 -2431 10
2630 -2902 8
2631 -3368 5
2632 -3819 11
2633 -4281 7
2634 -4718 7
2635 -5143 -1
2636 -5554 -4
2637 -5955 3
2638 -6344 3
2639 -6717 0
2640 -7066 -1
2641 -7409 0
2642 -7726 0
2643 -8032 -1
2644 -8317 1
2645 -8576 4
2646 -8818 3
2647 -9043 3
2648 -9236 0
2649 -9417 -1
2650 -9569 0
2651 -9701 2
2652 -9810 2
2653 -9893 0
2654 -9953 1
2655 -9987 0
2656 -9995 -1
2657 -9987 0
2658 -9952 1
2659 -9890 2
2660 -9809 0
2661 -9704 1
2662 -9568 2
2663 -9415 0
2664 -9235 1
2665 -9043 5
2666 -8821 6
2667 -8581 -1
2668 -8320 -2
2669 -8035 -1
2670 -7727 0
2671 -7410 -3
2672 -7065 0
2673 -6716 4
2674 -6341 3
2675 -5959 -1
2676 -5557 3
2677 -5138 4
2678 -4712 3
2679 -4280 4
2680 -3823 -4
2681 -3374 3
2682 -2905 1
2683 -2439 3
2684 -1955 2
2685 -1472 -1
2686 -987 0
2687 -502 0
2688 -7 -17
2689 488 -11
2690 979 -10
2691 1462 -4
2692 1946 -5
2693 2431 -10
2694 2902 -8
2695 3368 -5
2696 3819 -11
2697 4281 -7
2698 4718 -7
2699 5143 1
2700 5554 4
2701 5955 -3
2702 6344 -3
2703 6717 0
2704 7066 1
2705 7409 0
2706 7726 0
2707 8032 1
2708 8317 -1
2709 8576 -4
2710 8818 -3
2711 9043 -3
2712 9236 0
2713 9417 1
2714 9569 0
2715 9701 -2
2716 9810 -2
2717 9893 0
2718 9953 -1
2719 9987 0
2720 9995 1
2721 9987 0
2722 9952 -1
2723 9890 -2
2724 9809 0
2725 9704 -1
2726 9568 -2
2727 9415 0
2728 9235 -1
2729 9043 -5
2730 8821 -6
2731 8581 1
2732 8320 2
2733 8035 1
2734 7727 0
2735 7410 3
2736 7065 0
2737 6716 -4
2738 6341 -3
2739 5959 1
2740 5557 -3
2741 5138 -4
2742 4712 -3
2743 4280 -4
2744 3823 4
2745 3374 -3
2746 2905 -1
2747 2439 -3
2748 1955 -2
2749 1472 1
2750 987 0
2751 502 0
2752 7 17
2753 -488 11
2754 -979 10
2755 -1462 4
2756 -1946 5
2757 -2431 10
2758 -2902 8
2759 -3368 5
2760 -3819 11
2761 -4281 7
2762 -4718 7
2763 -5143 -1
2764 -5554 -4
2765 -5955 3
2766 -6344 3
2767 -6717 0
2768 -7066 -1
2769 -7409 0
2770 -7726 0
2771 -8032 -1
2772 -8317 1
2773 -8576 4
2774 -8818 3
2775 -9043 3
2776 -9236 0
2777 -9417 -1
2778 -9569 0
2779 -9701 2
2780 -9810 2
2781 -9893 0
2782 -9953 1
2783 -9987 0
2784 -9995 -1
2785 -9987 0
2786 -9952 1
2787 -9890 2
2788 -9809 0
2789 -9704 1
2790 -9568 2
2791 -9415 0
2792 -9235 1
2793 -9043 5
2794 -8821 6
2795 -8581 -1
2796 -8320 -2
2797 -8035 -1
2798 -7727 0
2799 -7410 -3
2800 -7065 0
2801 -6716 4
2802 -6341 3
2803 -5959 -1
2804 -5557 3
2805 -5138 4
2806 -4712 3
2807 -4280 4
2808 -3823 -4
2809 -3374 3
2810 -2905 1
2811 -2439 3
2812 -1955 2
2813 -1472 -1
2814 -987 0
2815 -502 0
2816 -7 -17
2817 488 -11
2818 979 -10
2819 1462 -4
2820 1946 -5
2821 2431 -10
2822 2902 -8
2823 3368 -5
2824 3819 -11
2825 4281 -7
2826 4718 -7
2827 5143 1
2828 5554 4
2829 5955 -3
2830 6344 -3
2831 6717 0
2832 7066 1
2833 7409 0
2834 7726 0
2835 8032 1
2836 8317 -1
2837 8576 -4
2838 8818 -3
2839 9043 -3
2840 9236 0
2841 9417 1
2842 9569 0
2843 9701 -2
2844 9810 -2
2845 9893 0
2846 9953 -1
2847 9987 0
2848 9995 1
2849 9987 0
2850 9952 -1
2851 9890 -2
2852 9809 0
2853 9704 -1
2854 9568 -2
2855 9415 0
2856 9235 -1
2857 9043 -5
2858 8821 -6
2859 8581 1
2860 8320 2
2861 8035 1
2862 7727 0
2863 7410 3
2864 7065 0
2865 6716 -4
2866 6341 -3
2867 5959 1
2868 5557 -3
2869 5138 -4
2870 4712 -3
2871 4280 -4
2872 3823 4
2873 3374 -3
2874 2905 -1
2875 2439 -3
2876 1955 -2
2877 1472 1
2878 987 0
2879 502 0
2880 7 17
2881 -488 11
2882 -979 10
2883 -1462 4
2884 -1946 5
2885 -2431 10
2886 -2902 8
2887 -3368 5
2888 -3819 11
2889 -4281 7
2890 -4718 7
2891 -5143 -1
2892 -5554 -4
2893 -5955 3
2894 -6344 3
2895 -6717 0
2896 -7066 -1
2897 -7409 0
2898 -7726 0
2899 -8032 -1
2900 -8317 1
2901 -8576 4
2902 -8818 3
2903 -9043 3
2904 -9236 0
2905 -9417 -1
2906 -9569 0
2907 -9701 2
2908 -9810 2
2909 -9893 0
2910 -9953 1
2911 -9987 0
2912 -9995 -1
2913 -9987 0
2914 -9952 1
2915 -9890 2
2916 -9809 0
2917 -9704 1
2918 -9568 2
2919 -9415 0
2920 -9235 1
2921 -9043 5
2922 -8821 6
2923 -8581 -1
2924 -8320 -2
2925 -8035 -1
2926 -7727 0
2927 -7410 -3
2928 -7065 0
2929 -6716 4
2930 -6341 3
2931 -5959 -1
2932 -5557 3
2933 -5138 4
2934 -4712 3
2935 -4280 4
2936 -3823 -4
2937 -3374 3
2938 -2905 1
2939 -2439 3
2940 -1955 2
2941 -1472 -1
2942 -987 0
2943 -502 0
2944 -7 -17
2945 488 -11
2946 979 -10
2947 1462 -4
2948 1946 -5
2949 2431 -10
2950 2902 -8
2951 3368 -5
2952 3819 -11
2953 4281 -7
2954 4718 -7
2955 5143 1
2956 5554 4
2957 5955 -3
2958 6344 -3
2959 6717 0
2960 7066 1
2961 7409 0
2962 7726 0
2963 8032 1
2964 8317 -1
2965 8576 -4
2966 8818 -3
2967 9043 -3
2968 9236 0
2969 9417 1
2970 9569 0
2971 9701 -2
2972 9810 -2
2973 9893 0
2974 9953 -1
2975 9987 0
2976 9995 1
2977 9987 0
2978 9952 -1
2979 9890 -2
2980 9809 0
2981 9704 -1
2982 9568 -2
2983 9415 0
2984 9235 -1
2985 9043 -5
2986 8821 -6
2987 8581 1
2988 8320 2
2989 8035 1
2990 7727 0
2991 7410 3
2992 7065 0
2993 6716 -4
2994 6341 -3
2995 5959 1
2996 5557 -3
2997 5138 -4
2998 4712 -3
2999 4280 -4
3000 3823 4
3001 3374 -3
3002 2905 -1
3003 2439 -3
3004 1955 -2
3005 1472 1
3006 987 0
3007 502 0
3008 7 17
3009 -488 11
3010 -979 10
3011 -1462 4
3012 -1946 5
3013 -2431 10
3014 -2902 8
3015 -3368 5
3016 -3819 11
3017 -4281 7
3018 -4718 7
3019 -5143 -1
3020 -5554 -4
3021 -5955 3
3022 -6344 3
3023 -6717 0
3024 -7066 -1
3025 -7409 0
3026 -7726 0
3027 -8032 -1
3028 -8317 1
3029 -8576 4
3030 -8818 3
3031 -9043 3
3032 -9236 0
3033 -9417 -1
3034 -9569 0
3035 -9701 2
3036 -9810 2
3037 -9893 0
3038 -9953 1
3039 -9987 0
3040 -9995 -1
3041 -9987 0
3042 -9952 1
3043 -9890 2
3044 -9809 0
3045 -9704 1
3046 -9568 2
3047 -9415 0
3048 -9235 1
3049 -9043 5
3050 -8821 6
3051 -8581 -1
3052 -8320 -2
3053 -8035 -1
3054 -7727 0
3055 -7410 -3
3056 -7065 0
3057 -6716 4
3058 -6341 3
3059 -5959 -1
3060 -5557 3
3061 -5138 4
3062 -4712 3
3063 -4280 4
3064 -3823 -4
3065 -3374 3
3066 -2905 1
3067 -2439 3
3068 -1955 2
3069 -1472 -1
3070 -987 0
3071 -502 0
3072 -7 -17
3073 488 -11
3074 979 -10
3075 1462 -4
3076 1946 -5
3077 2431 -10
3078 2902 -8
3079 3368 -5
3080 3819 -11
3081 4281 -7
3082 4718 -7
3083 5143 1
3084 5554 4
3085 5955 -3
3086 6344 -3
3087 6717 0
3088 7066 1
3089 7409 0
3090 7726 0
3091 8032 1
3092 8317 -1
3093 8576 -4
3094 8818 -3
3095 9043 -3
3096 9236 0
3097 9417 1
3098 9569 0
3099 9701 -2
3100 9810 -2
3101 9893 0
3102 9953 -1
3103 9987 0
3104 9995 1
3105 9987 0
3106 9952 -1
3107 9890 -2
3108 9809 0
3109 9704 -1
3110 9568 -2
3111 9415 0
3112 9235 -1
3113 9043 -5
3114 8821 -6
3115 8581 1
3116 8320 2
3117 8035 1
3118 7727 0
3119 7410 3
3120 7065 0
3121 6716 -4
3122 6341 -3
3123 5959 1
3124 5557 -3
3125 5138 -4
3126 4712 -3
3127 4280 -4
3128 3823 4
3129 3374 -3
3130 2905 -1
3131 2439 -3
3132 1955 -2
3133 1472 1
3134 987 0
3135 502 0
3136 7 17
3137 -488 11
3138 -979 10
3139 -1462 4
3140 -1946 5
3141 -2431 10
3142 -2902 8
3143 -3368 5
3144 -3819 11
3145 -4281 7
3146 -4718 7
3147 -5143 -1
3148 -5554 -4
3149 -5955 3
3150 -6344 3
3151 -6717 0
3152 -7066 -1
3153 -7409 0
3154 -7726 0
3155 -8032 -1
3156 -8317 1
3157 -8576 4
3158 -8818 3
3159 -9043 3
3160 -9236 0
3161 -9417 -1
3162 -9569 0
3163 -9701 2
3164 -9810 2
3165 -9893 0
3166 -9953 1
3167 -9987 0
3168 -9995 -1
3169 -9987 0
3170 -9952 1
3171 -9890 2
3172 -9809 0
3173 -9704 1
3174 -9568 2
3175 -9415 0
3176 -9235 1
3177 -9043 5
3178 -8821 6
3179 -8581 -1
3180 -8320 -2
3181 -8035 -1
3182 -7727 0
3183 -7410 -3
3184 -7065 0
3185 -6716 4
3186 -6341 3
3187 -5959 -1
3188 -5557 3
3189 -5138 4
3190 -4712 3
3191 -4280 4
3192 -3823 -4
3193 -3374 3
3194 -2905 1
3195 -2439 3
3196 -1955 2
3197 -1472 -1
3198 -987 0
3199 -502 0
3200 -7 -17
3201 488 -11
3202 979 -10
3203 1462 -4
3204 1946 -5
3205 2431 -10
3206 2902 -8
3207 3368 -5
3208 3819 -11
3209 4281 -7
3210 4718 -7
3211 5143 1
3212 5554 4
3213 5955 -3
3214 6344 -3
3215 6717 0
3216 7066 1
3217 7409 0
3218 7726 0
3219 8032 1
3220 8317 -1
3221 8576 -4
3222 8818 -3
3223 9043 -3
3224 9236 0
3225 9417 1
3226 9569 0
3227 9701 -2
3228 9810 -2
3229 9893 0
3230 9953 -1
3231 9987 0
3232 9995 1
3233 9987 0
3234 9952 -1
3235 9890 -2
3236 9809 0
3237 9704 -1
3238 9568 -2
3239 9415 0
3240 9235 -1
3241 9043 -5
3242 8821 -6
3243 8581 1
3244 8320 2
3245 8035 1
3246 7727 0
3247 7410 3
3248 7065 0
3249 6716 -4
3250 6341 -3
3251 5959 1
3252 5557 -3
3253 5138 -4
3254 4712 -3
3255 4280 -4
3256 3823 4
3257 3374 -3
3258 2905 -1
3259 2439 -3
3260 1955 -2
3261 1472 1
3262 987 0
3263 502 0
3264 7 17
3265 -488 11
3266 -979 10
3267 -1462 4
3268 -1946 5
3269 -2431 10
3270 -2902 8
3271 -3368 5
3272 -3819 11
3273 -4281 7
3274 -4718 7
3275 -5143 -1
3276 -5554 -4
3277 -5955 3
3278 -6344 3
3279 -6717 0
3280 -7066 -1
3281 -7409 0
3282 -7726 0
3283 -8032 -1
3284 -8317 1
3285 -8576 4
3286 -8818 3
3287 -9043 3
3288 -9236 0
3289 -9417 -1
3290 -9569 0
3291 -9701 2
3292 -9810 2
3293 -9893 0
3294 -9953 1
3295 -9987 0
3296 -9995 -1
3297 -9987 0
3298 -9952 1
3299 -9890 2
3300 -9809 0
3301 -9704 1
3302 -9568 2
3303 -9415 0
3304 -9235 1
3305 -9043 5
3306 -8821 6
3307 -8581 -1
3308 -8320 -2
3309 -8035 -1
3310 -7727 0
3311 -7410 -3
3312 -7065 0
3313 -6716 4
3314 -6341 3
3315 -5959 -1
3316 -5557 3
3317 -5138 4
3318 -4712 3
3319 -4280 4
3320 -3823 -4
3321 -3374 3
3322 -2905 1
3323 -2439 3
3324 -1955 2
3325 -1472 -1
3326 -987 0
3327 -502 0
3328 -7 -17
3329 488 -11
3330 979 -10
3331 1462 -4
3332 1946 -5
3333 2431 -10
3334 2902 -8
3335 3368 -5
3336 3819 -11
3337 4281 -7
3338 4718 -7
3339 5143 1
3340 5554 4
3341 5955 -3
3342 6344 -3
3343 6717 0
3344 7066 1
3345 7409 0
3346 7726 0
3347 8032 1
3348 8317 -1
3349 8576 -4
3350 8818 -3
3351 9043 -3
3352 9236 0
3353 9417 1
3354 9569 0
3355 9701 -2
3356 9810 -2
3357 9893 0
3358 9953 -1
3359 9987 0
3360 9995 1
3361 9987 0
3362 9952 -1
3363 9890 -2
3364 9809 0
3365 9704 -1
3366 9568 -2
3367 9415 0
3368 9235 -1
3369 9043 -5
3370 8821 -6
3371 8581 1
3372 8320 2
3373 8035 1
3374 7727 0
3375 7410 3
3376 7065 0
3377 6716 -4
3378 6341 -3
3379 5959 1
3380 5557 -3
3381 5138 -4
3382 4712 -3
3383 4280 -4
3384 3823 4
3385 3374 -3
3386 2905 -1
3387 2439 -3
3388 1955 -2
3389 1472 1
3390 987 0
3391 502 0
3392 7 17
3393 -488 11
3394 -979 10
3395 -1462 4
3396 -1946 5
3397 -2431 10
3398 -2902 8
3399 -3368 5
3400 -3819 11
3401 -4281 7
3402 -4718 7
3403 -5143 -1
3404 -5554 -4
3405 -5955 3
3406 -6344 3
3407 -6717 0
3408 -7066 -1
3409 -7409 0
3410 -7726 0
3411 -8032 -1
3412 -8317 1
3413 -8576 4
3414 -8818 3
3415 -9043 3
3416 -9236 0
3417 -9417 -1
3418 -9569 0
3419 -9701 2
3420 -9810 2
3421 -9893 0
3422 -9953 1
3423 -9987 0
3424 -9995 -1
3425 -9987 0
3426 -9952 1
3427 -9890 2
3428 -9809 0
3429 -9704 1
3430 -9568 2
3431 -9415 0
3432 -9235 1
3433 -9043 5
3434 -8821 6
3435 -8581 -1
3436 -8320 -2
3437 -8035 -1
3438 -7727 0
3439 -7410 -3
3440 -7065 0
3441 -6716 4
3442 -6341 3
3443 -5959 -1
3444 -5557 3
3445 -5138 4
3446 -4712 3
3447 -4280 4
3448 -3823 -4
3449 -3374 3
3450 -2905 1
3451 -2439 3
3452 -1955 2
3453 -1472 -1
3454 -987 0
3455 -502 0
3456 -7 -17
3457 488 -11
3458 979 -10
3459 1462 -4
3460 1946 -5
3461 2431 -10
3462 2902 -8
3463 3368 -5
3464 3819 -11
3465 4281 -7
3466 4718 -7
3467 5143 1
3468 5554 4
3469 5955 -3
3470 6344 -3
3471 6717 0
3472 7066 1
3473 7409 0
3474 7726 0
3475 8032 1
3476 8317 -1
3477 8576 -4
3478 8818 -3
3479 9043 -3
3480 9236 0
3481 9417 1
3482 9569 0
3483 9701 -2
3484 9810 -2
3485 9893 0
3486 9953 -1
3487 9987 0
3488 9995 1
3489 9987 0
3490 9952 -1
3491 9890 -2
3492 9809 0
3493 9704 -1
3494 9568 -2
3495 9415 0
3496 9235 -1
3497 9043 -5
3498 8821 -6
3499 8581 1
3500 8320 2
3501 8035 1
3502 7727 0
3503 7410 3
3504 7065 0
3505 6716 -4
3506 6341 -3
3507 5959 1
3508 5557 -3
3509 5138 -4
3510 4712 -3
3511 4280 -4
3512 3823 4
3513 3374 -3
3514 2905 -1
3515 2439 -3
3516 1955 -2
3517 1472 1
3518 987 0
3519 502 0
3520 7 17
3521 -488 11
3522 -979 10
3523 -1462 4
3524 -1946 5
3525 -2431 10
3526 -2902 8
3527 -3368 5
3528 -3819 11
3529 -4281 7
3530 -4718 7
3531 -5143 -1
3532 -5554 -4
3533 -5955 3
3534 -6344 3
3535 -6717 0
3536 -7066 -1
3537 -7409 0
3538 -7726 0
3539 -8032 -1
3540 -8317 1
3541 -8576 4
3542 -8818 3
3543 -9043 3
3544 -9236 0
3545 -9417 -1
3546 -9569 0
3547 -9701 2
3548 -9810 2
3549 -9893 0
3550 -9953 1
3551 -9987 0
3552 -9995 -1
3553 -9987 0
3554 -9952 1
3555 -9890 2
3556 -9809 0
3557 -9704 1
3558 -9568 2
3559 -9415 0
3560 -9235 1
3561 -9043 5
3562 -8821 6
3563 -8581 -1
3564 -8320 -2
3565 -8035 -1
3566 -7727 0
3567 -7410 -3
3568 -7065 0
3569 -6716 4
3570 -6341 3
3571 -5959 -1
3572 -5557 3
3573 -5138 4
3574 -4712 3
3575 -4280 4
3576 -3823 -4
3577 -3374 3
3578 -2905 1
3579 -2439 3
3580 -1955 2
3581 -1472 -1
3582 -987 0
3583 -502 0
3584 -7 -17
3585 488 -11
3586 979 -10
3587 1462 -4
3588 1946 -5
3589 2431 -10
3590 2902 -8
3591 3368 -5
3592 3819 -11
3593 4281 -7
3594 4718 -7
3595 5143 1
3596 5554 4
3597 5955 -3
3598 6344 -3
3599 6717 0
3600 7066 1
3601 7409 0
3602 7726 0
3603 8032 1
3604 8317 -1
3605 8576 -4
3606 8818 -3
3607 9043 -3
3608 9236 0
3609 9417 1
3610 9569 0
3611 9701 -2
3612 9810 -2
3613 9893 0
3614 9953 -1
3615 9987 0
3616 9995 1
3617 9987 0
3618 9952 -1
3619 9890 -2
3620 9809 0
3621 9704 -1
3622 9568 -2
3623 9415 0
3624 9235 -1
3625 9043 -5
3626 8821 -6
3627 8581 1
3628 8320 2
3629 8035 1
3630 7727 0
3631 7410 3
3632 7065 0
3633 6716 -4
3634 6341 -3
3635 5959 1
3636 5557 -3
3637 5138 -4
3638 4712 -3
3639 4280 -4
3640 3823 4
3641 3374 -3
3642 2905 -1
3643 2439 -3
3644 1955 -2
3645 1472 1
3646 987 0
3647 502 0
3648 7 17
3649 -488 11
3650 -979 10
3651 -1462 4
3652 -1946 5
3653 -2431 10
3654 -2902 8
3655 -3368 5
3656 -3819 11
3657 -4281 7
3658 -4718 7
3659 -5143 -1
3660 -5554 -4
3661 -5955 3
3662 -6344 3
3663 -6717 0
3664 -7066 -1
3665 -7409 0
3666 -7726 0
3667 -8032 -1
3668 -8317 1
3669 -8576 4
3670 -8818 3
3671 -9043 3
3672 -9236 0
3673 -9417 -1
3674 -9569 0
3675 -9701 2
3676 -9810 2
3677 -9893 0
3678 -9953 1
3679 -9987 0
3680 -9995 -1
3681 -9987 0
3682 -9952 1
3683 -9890 2
3684 -9809 0
3685 -9704 1
3686 -9568 2
3687 -9415 0
3688 -9235 1
3689 -9043 5
3690 -8821 6
3691 -8581 -1
3692 -8320 -2
3693 -8035 -1
3694 -7727 0
3695 -7410 -3
3696 -7065 0
3697 -6716 4
3698 -6341 3
3699 -5959 -1
3700 -5557 3
3701 -5138 4
3702 -4712 3
3703 -4280 4
3704 -3823 -4
3705 -3374 3
3706 -2905 1
3707 -2439 3
3708 -1955 2
3709 -1472 -1
3710 -987 0
3711 -502 0
3712 -7 -17
3713 488 -11
3714 979 -10
3715 1462 -4
3716 1946 -5
3717 2431 -10
3718 2902 -8
3719 3368 -5
3720 3819 -11
3721 4281 -7
3722 4718 -7
3723 5143 1
3724 5554 4
3725 5955 -3
3726 6344 -3
3727 6717 0
3728 7066 1
3729 7409 0
3730 7726 0
3731 8032 1
3732 8317 -1
3733 8576 -4
3734 8818 -3
3735 9043 -3
3736 9236 0
3737 9417 1
3738 9569 0
3739 9701 -2
3740 9810 -2
3741 9893 0
3742 9953 -1
3743 9987 0
3744 9995 1
3745 9987 0
3746 9952 -1
3747 9890 -2
3748 9809 0
3749 9704 -1
3750 9568 -2
3751 9415 0
3752 9235 -1
3753 9043 -5
3754 8821 -6
3755 8581 1
3756 8320 2
3757 8035 1
3758 7727 0
3759 7410 3
3760 7065 0
3761 6716 -4
3762 6341 -3
3763 5959 1
3764 5557 -3
3765 5138 -4
3766 4712 -3
3767 4280 -4
3768 3823 4
3769 3374 -3
3770 2905 -1
3771 2439 -3
3772 1955 -2
3773 1472 1
3774 987 0
3775 502 0
3776 7 17
3777 -488 11
3778 -979 10
3779 -1462 4
3780 -1946 5
3781 -2431 10
3782 -2902 8
3783 -3368 5
3784 -3819 11
3785 -4281 7
3786 -4718 7
3787 -5143 -1
3788 -5554 -4
3789 -5955 3
3790 -6344 3
3791 -6717 0
3792 -7066 -1
3793 -7409 0
3794 -7726 0
3795 -8032 -1
3796 -8317 1
3797 -8576 4
3798 -8818 3
3799 -9043 3
3800 -9236 0
3801 -9417 -1
3802 -9569 0
3803 -9701 2
3804 -9810 2
3805 -9893 0
3806 -9953 1
3807 -9987 0
3808 -9995 -1
3809 -9987 0
3810 -9952 1
3811 -9890 2
3812 -9809 0
3813 -9704 1
3814 -9568 2
3815 -9415 0
3816 -9235 1
3817 -9043 5
3818 -8821 6
3819 -8581 -1
3820 -8320 -2
3821 -8035 -1
3822 -7727 0
3823 -7410 -3
3824 -7065 0
3825 -6716 4
3826 -6341 3
3827 -5959 -1
3828 -5557 3
3829 -5138 4
3830 -4712 3
3831 -4280 4
3832 -3823 -4
3833 -3374 3
3834 -2905 1
3835 -2439 3
3836 -1955 2
3837 -1472 -1
3838 -987 0
3839 -502 0
3840 -7 -17
3841 488 -11
3842 979 -10
3843 1462 -4
3844 1946 -5
3845 2431 -10
3846 2902 -8
3847 3368 -5
3848 3819 -11
3849 4281 -7
3850 4718 -7
3851 5143 1
3852 5554 4
3853 5955 -3
3854 6344 -3
3855 6717 0
3856 7066 1
3857 7409 0
3858 7726 0
3859 8032 1
3860 8317 -1
3861 8576 -4
3862 8818 -3
3863 9043 -3
3864 9236 0
3865 9417 1
3866 9569 0
3867 9701 -2
3868 9810 -2
3869 9893 0
3870 9953 -1
3871 9987 0
3872 9995 1
3873 9987 0
3874 9952 -1
3875 9890 -2
3876 9809 0
3877 9704 -1
3878 9568 -2
3879 9415 0
3880 9235 -1
3881 9043 -5
3882 8821 -6
3883 8581 1
3884 8320 2
3885 8035 1
3886 7727 0
3887 7410 3
3888 7065 0
3889 6716 -4
3890 6341 -3
3891 5959 1
3892 5557 -3
3893 5138 -4
3894 4712 -3
3895 4280 -4
3896 3823 4
3897 3374 -3
3898 2905 -1
3899 2439 -3
3900 1955 -2
3901 1472 1
3902 987 0
3903 502 0
3904 7 17
3905 -488 11
3906 -979 10
3907 -1462 4
3908 -1946 5
3909 -2431 10
3910 -2902 8
3911 -3368 5
3912 -3819 11
3913 -4281 7
3914 -4718 7
3915 -5143 -1
3916 -5554 -4
3917 -5955 3
3918 -6344 3
3919 -6717 0
3920 -7066 -1
3921 -7409 0
3922 -7726 0
3923 -8032 -1
3924 -8317 1
3925 -8576 4
3926 -8818 3
3927 -9043 3
3928 -9236 0
3929 -9417 -1
3930 -9569 0
3931 -9701 2
3932 -9810 2
3933 -9893 0
3934 -9953 1
3935 -9987 0
3936 -9995 -1
3937 -9987 0
3938 -9952 1
3939 -9890 2
3940 -9809 0
3941 -9704 1
3942 -9568 2
3943 -9415 0
3944 -9235 1
3945 -9043 5
3946 -8821 6
3947 -8581 -1
3948 -8320 -2
3949 -8035 -1
3950 -7727 0
3951 -7410 -3
3952 -7065 0
3953 -6716 4
3954 -6341 3
3955 -5959 -1
3956 -5557 3
3957 -5138 4
3958 -4712 3
3959 -4280 4
3960 -3823 -4
3961 -3374 3
3962 -2905 1
3963 -2439 3
3964 -1955 2
3965 -1472 -1
3966 -987 0
3967 -502 0
3968 -7 -17
3969 488 -11
3970 979 -10
3971 1462 -4
3972 1946 -5
3973 2431 -10
3974 2902 -8
3975 3368 -5
3976 3819 -11
3977 4281 -7
3978 4718 -7
3979 5143 1
3980 5554 4
3981 5955 -3
3982 6344 -3
3983 6717 0
3984 7066 1
3985 7409 0
3986 7726 0
3987 8032 1
3988 8317 -1
3989 8576 -4
3990 8818 -3
3991 9043 -3
3992 9236 0
3993 9417 1
3994 9569 0
3995 9701 -2
3996 9810 -2
3997 9893 0
3998 9953 -1
3999 9987 0
4000 9995 1
4001 9987 0
4002 9952 -1
4003 9890 -2
4004 9809 0
4005 9704 -1
4006 9568 -2
4007 9415 0
4008 9235 -1
4009 9043 -5
4010 8821 -6
4011 8581 1
4012 8320 2
4013 8035 1
4014 7727 0
4015 7410 3
4016 7065 0
4017 6716 -4
4018 6341 -3
4019 5959 1
4020 5557 -3
4021 5138 -4
4022 4712 -3
4023 4280 -4
4024 3823 4
4025 3374 -3
4026 2905 -1
4027 2439 -3
4028 1955 -2
4029 1472 1
4030 987 0
4031 502 0
4032 7 17
4033 -488 11
4034 -979 10
4035 -1462 4
4036 -1946 5
4037 -2431 10
4038 -2902 8
4039 -3368 5
4040 -3819 11
4041 -4281 7
4042 -4718 7
4043 -5143 -1
4044 -5554 -4
4045 -5955 3
4046 -6344 3
4047 -6717 0
4048 -7066 -1
4049 -7409 0
4050 -7726 0
4051 -8032 -1
4052 -8317 1
4053 -8576 4
4054 -8818 3
4055 -9043 3
4056 -9236 0
4057 -9417 -1
4058 -9569 0
4059 -9701 2
4060 -9810 2
4061 -9893 0
4062 -9953 1
4063 -9987 0
4064 -9995 -1
4065 -9987 0
4066 -9952 1
4067 -9890 2
4068 -9809 0
4069 -9704 1
4070 -9568 2
4071 -9415 0
4072 -9235 1
4073 -9043 5
4074 -8821 6
4075 -8581 -1
4076 -8320 -2
4077 -8035 -1
4078 -7727 0
4079 -7410 -3
4080 -7065 0
4081 -6716 4
4082 -6341 3
4083 -5959 -1
4084 -5557 3
4085 -5138 4
4086 -4712 3
4087 -4280 4
4088 -3823 -4
4089 -3374 3
4090 -2905 1
4091 -2439 3
4092 -1955 2
4093 -1472 -1
4094 -987 0
4095 -502 0
